# T = 100.0 C (+273.15 K)
# p, Ideal gas, RK, SRK, PR, LK, SW
1.000000000000000000e+05 2.982309433801030423e+02 2.977813376972378023e+02 2.979359451373868524e+02 2.978221156271938526e+02 2.978940251682324742e+02 2.976389105629355072e+02
5.061224489795918344e+05 2.982309433801029854e+02 2.959649645159932447e+02 2.967636214042664164e+02 2.962059865277299764e+02 2.965305884455530645e+02 2.961294368399327936e+02
9.122448979591836687e+05 2.982309433801030423e+02 2.941658926952429169e+02 2.956351932059154137e+02 2.946656170443462202e+02 2.951757237772403073e+02 2.946313280937478112e+02
1.318367346938775387e+06 2.982309433801029854e+02 2.923869320451659064e+02 2.945543404924740685e+02 2.932078288066254572e+02 2.938305386463904370e+02 2.931452287849265872e+02
1.724489795918367337e+06 2.982309433801030423e+02 2.906312006625504409e+02 2.935250083042191136e+02 2.918399645000935720e+02 2.924962545981252902e+02 2.916719527328148729e+02
2.130612244897959288e+06 2.982309433801030423e+02 2.889021594775048811e+02 2.925514229246269338e+02 2.905699167491835055e+02 2.911742216443080906e+02 2.902125020371971686e+02
2.536734693877550773e+06 2.982309433801029854e+02 2.872036506092828745e+02 2.916381081280093781e+02 2.894061558212004570e+02 2.898659348661743138e+02 2.887680870831770221e+02
2.942857142857142724e+06 2.982309433801030423e+02 2.855399398501972996e+02 2.907899012488051085e+02 2.883577553150975064e+02 2.885730536071424694e+02 2.873401476379707447e+02
3.348979591836734675e+06 2.982309433801030423e+02 2.839157635750141822e+02 2.900119687184499071e+02 2.874344148112407424e+02 2.872974237241884339e+02 2.859303750370485773e+02
3.755102040816326626e+06 2.982309433801029854e+02 2.823363803260216400e+02 2.893098206177069756e+02 2.866464782461159189e+02 2.860411034553976606e+02 2.845407354437843992e+02
4.161224489795918576e+06 2.982309433801029854e+02 2.808076272400917901e+02 2.886893236750827896e+02 2.860049465400921349e+02 2.848063935639447095e+02 2.831734941517246966e+02
4.567346938775510527e+06 2.982309433801029854e+02 2.793359813485585050e+02 2.881567120033462857e+02 2.855214827497334795e+02 2.835958725334394330e+02 2.818312408822396264e+02
4.973469387755101547e+06 2.982309433801030423e+02 2.779286255738924183e+02 2.877185947045222179e+02 2.852084077441511454e+02 2.824124377119382530e+02 2.805169160133334003e+02
5.379591836734693497e+06 2.982309433801029854e+02 2.765935189431751269e+02 2.873819592882528582e+02 2.850786841263551992e+02 2.812593534223892107e+02 2.792338376585187234e+02
5.785714285714285448e+06 2.982309433801029854e+02 2.753394701042997781e+02 2.871541696398851400e+02 2.851458858486617487e+02 2.801403071577661876e+02 2.779857294985827707e+02
6.191836734693877399e+06 2.982309433801030423e+02 2.741762126255229077e+02 2.870429570461553226e+02 2.854241507246463243e+02 2.790594750280574772e+02 2.767767492539391583e+02
6.597959183673469350e+06 2.982309433801029854e+02 2.731144797329121161e+02 2.870564025446806795e+02 2.859281128442101476e+02 2.780215975713902594e+02 2.756115176700784559e+02
7.004081632653061301e+06 2.982309433801029854e+02 2.721660750366820025e+02 2.872029086203387465e+02 2.866728117861536589e+02 2.770320668004210916e+02 2.744951478701712517e+02
7.410204081632653251e+06 2.982309433801029854e+02 2.713439343564956516e+02 2.874911580456385991e+02 2.876735755359759423e+02 2.760970248029634604e+02 2.734332749000973877e+02
7.816326530612245202e+06 2.982309433801030423e+02 2.706621719235565706e+02 2.879300574807056705e+02 2.889458742062646479e+02 2.752234731727569965e+02 2.724320852059559570e+02
8.222448979591837153e+06 2.982309433801030423e+02 2.701361019822969070e+02 2.885286633496613717e+02 2.905051420822524051e+02 2.744193907678020992e+02 2.714983458550556179e+02
8.628571428571429104e+06 2.982309433801030423e+02 2.697822241563238777e+02 2.892960875442763040e+02 2.923665662412999495e+02 2.736938544742263275e+02 2.706394327379588844e+02
9.034693877551021054e+06 2.982309433801029854e+02 2.696181579969328936e+02 2.902413807356738857e+02 2.945448410890897435e+02 2.730571534611037805e+02 2.698633572350545933e+02
9.440816326530613005e+06 2.982309433801030423e+02 2.696625091710085940e+02 2.913733915739134659e+02 2.970538896771528243e+02 2.725208815823426676e+02 2.691787898823558862e+02
9.846938775510203093e+06 2.982309433801030423e+02 2.699346472794211422e+02 2.927006009017960082e+02 2.999065546564760893e+02 2.720979851156114933e+02 2.685950790667585579e+02
1.025306122448979504e+07 2.982309433801029854e+02 2.704543741591741650e+02 2.942309313758464668e+02 3.031142641835843961e+02 2.718027345217432753e+02 2.681222616327901846e+02
1.065918367346938699e+07 2.982309433801030423e+02 2.712414629196019860e+02 2.959715346238963889e+02 3.066866809726687961e+02 2.716505810214478629e+02 2.677710608281982445e+02
1.106530612244897895e+07 2.982309433801030423e+02 2.723150534383827335e+02 2.979285602784445928e+02 3.106313458409463806e+02 2.716578547255122089e+02 2.675528651687065462e+02
1.147142857142857090e+07 2.982309433801030423e+02 2.736929012518393733e+02 3.001069138365706408e+02 3.149533302816222999e+02 2.718412657269192891e+02 2.674796796843576203e+02
1.187755102040816285e+07 2.982309433801029854e+02 2.753904949672914881e+02 3.025100131362275988e+02 3.196549154639530457e+02 2.722171887884407511e+02 2.675640389088972597e+02
1.228367346938775480e+07 2.982309433801030423e+02 2.774200825000031045e+02 3.051395560090180652e+02 3.247353171473594671e+02 2.728007503355182735e+02 2.678188694164295498e+02
1.268979591836734675e+07 2.982309433801029854e+02 2.797896762776424566e+02 3.079953139555501593e+02 3.301904767954173963e+02 2.736047919602542038e+02 2.682572894904643022e+02
1.309591836734693870e+07 2.982309433801030423e+02 2.825021365966985627e+02 3.110749679933045400e+02 3.360129382011910479e+02 2.746388459499500527e+02 2.688923356336644588e+02
1.350204081632653065e+07 2.982309433801030423e+02 2.855544520711234782e+02 3.143740026473860780e+02 3.421918258417056222e+02 2.759083027701009883e+02 2.697366111012653960e+02
1.390816326530612260e+07 2.982309433801030423e+02 2.889373369200606589e+02 3.178856720038498338e+02 3.487129358818838796e+02 2.774139510820766077e+02 2.708018610886066426e+02
1.431428571428571455e+07 2.982309433801029854e+02 2.926352395500384205e+02 3.216010476819794235e+02 3.555589435226554542e+02 2.791520116856590334e+02 2.720984923125967043e+02
1.472040816326530650e+07 2.982309433801030423e+02 2.966268052225100860e+02 3.255091527200452219e+02 3.627097219037488571e+02 2.811146774783299520e+02 2.736350697306225470e+02
1.512653061224489845e+07 2.982309433801030423e+02 3.008857667448893380e+02 3.295971783175717746e+02 3.701427590303319448e+02 2.832910495990629443e+02 2.754178366385178833e+02
1.553265306122449040e+07 2.982309433801030423e+02 3.053821681574803506e+02 3.338507730738049304e+02 3.778336513644831030e+02 2.856682731899262535e+02 2.774503119013439232e+02
1.593877551020408235e+07 2.982309433801029854e+02 3.100837762529791348e+02 3.382543878998593527e+02 3.857566469145283463e+02 2.882326560179409967e+02 2.797330154857245361e+02
1.634489795918367431e+07 2.982309433801030423e+02 3.149575165384234197e+02 3.427916551666822329e+02 3.938852076719451816e+02 2.909705980947020407e+02 2.822633590344460117e+02
1.675102040816326439e+07 2.982309433801029854e+02 3.199707860016873724e+02 3.474457785635148070e+02 4.021925614142053291e+02 2.938692415738852901e+02 2.850357141571486181e+02
1.715714285714285821e+07 2.982309433801029854e+02 3.250925360700087481e+02 3.521999107828849560e+02 4.106522160069517895e+02 2.969168315601690438e+02 2.880416435815247382e+02
1.756326530612244830e+07 2.982309433801030423e+02 3.302940708994409533e+02 3.570374992168335098e+02 4.192384147375959174e+02 3.001028352804005976e+02 2.912702573968495585e+02
1.796938775510204211e+07 2.982309433801030423e+02 3.355495545580172347e+02 3.619425846509063263e+02 4.279265179512583472e+02 3.034178922896501831e+02 2.947086448867132162e+02
1.837551020408163220e+07 2.982309433801030423e+02 3.408362566260186668e+02 3.669000435870991055e+02 4.366933033323080622e+02 3.068536681532236230e+02 2.983423339603168074e+02
1.878163265306122601e+07 2.982309433801030423e+02 3.461345861863840696e+02 3.718957704404029982e+02 4.455171837041270351e+02 3.104026694897619905e+02 3.021557417662547209e+02
1.918775510204081610e+07 2.982309433801029854e+02 3.514279707830731923e+02 3.769168007444137061e+02 4.543783465871136400e+02 3.140580592927508405e+02 3.061325952062824172e+02
1.959387755102040619e+07 2.982309433801030423e+02 3.567026337194124608e+02 3.819513802472790758e+02 4.632588236419855434e+02 3.178134942526280611e+02 3.102563138558806486e+02
2.000000000000000000e+07 2.982309433801030423e+02 3.619473144220507947e+02 3.869889872312368198e+02 4.721425004881025416e+02 3.216629929948995255e+02 3.145103427941398309e+02
