# T = 40.0 C (+273.15 K)
# p, Ideal gas, RK, SRK, PR, LK, SW
1.000000000000000000e+05 2.754115222734621398e+02 2.746958139348434429e+02 2.748194869083994263e+02 2.746873070136953174e+02 2.747376256991961441e+02 2.747206043496877328e+02
5.061224489795918344e+05 2.754115222734621398e+02 2.717715130867866833e+02 2.724237510711485015e+02 2.717830127661187021e+02 2.719639192996157249e+02 2.720167765310313825e+02
9.122448979591836687e+05 2.754115222734621398e+02 2.688198579180869956e+02 2.700463867197317995e+02 2.689491069912848502e+02 2.691280552730631257e+02 2.692647667300490752e+02
1.318367346938775387e+06 2.754115222734621398e+02 2.658425986927463214e+02 2.676943980640797918e+02 2.662029566662906745e+02 2.662256728559439125e+02 2.664607276088177059e+02
1.724489795918367337e+06 2.754115222734621398e+02 2.628421963022560135e+02 2.653762973307827906e+02 2.635655733212340692e+02 2.632519422288931423e+02 2.636004829108566128e+02
2.130612244897959288e+06 2.754115222734621398e+02 2.598220507399661301e+02 2.631024904399454272e+02 2.610625122472338830e+02 2.602014815151431435e+02 2.606794766277779445e+02
2.536734693877550773e+06 2.754115222734621398e+02 2.567868141518295033e+02 2.608857863433638045e+02 2.587250442818298097e+02 2.570682960418633343e+02 2.576927067857037628e+02
2.942857142857142724e+06 2.754115222734621398e+02 2.537428263568804709e+02 2.587420798008839711e+02 2.565917033694734641e+02 2.538456619647587047e+02 2.546346378200529443e+02
3.348979591836734675e+06 2.754115222734621966e+02 2.506987314401284550e+02 2.566912822986953984e+02 2.547103622535880731e+02 2.505260732711365961e+02 2.514990826178186865e+02
3.755102040816326626e+06 2.754115222734621398e+02 2.476663685179163963e+02 2.547586161029522032e+02 2.531410671723198789e+02 2.471010961453385448e+02 2.482790407097514560e+02
4.161224489795918576e+06 2.754115222734621398e+02 2.446620892146602557e+02 2.529764536370987003e+02 2.519599919904906926e+02 2.435613162337950541e+02 2.449664715287042327e+02
4.567346938775510527e+06 2.754115222734621398e+02 2.417087608667407039e+02 2.513870005129946037e+02 2.512650940039056593e+02 2.398962532444298290e+02 2.415519686857136890e+02
4.973469387755101547e+06 2.754115222734621398e+02 2.388389140515314750e+02 2.500463296889589344e+02 2.511844495416758889e+02 2.360944947845869706e+02 2.380242778666683421e+02
5.379591836734693497e+06 2.754115222734621398e+02 2.360998876681082663e+02 2.490306691631218712e+02 2.518889885174999392e+02 2.321439921314978676e+02 2.343695574980006029e+02
5.785714285714285448e+06 2.754115222734621398e+02 2.335626565558522429e+02 2.484466340240093416e+02 2.536128121680179675e+02 2.280332427164165949e+02 2.305701929858520032e+02
6.191836734693877399e+06 2.754115222734621398e+02 2.313379214109465067e+02 2.484487746688768937e+02 2.566873653536804909e+02 2.237543362416791126e+02 2.266027966470276453e+02
6.597959183673469350e+06 2.754115222734621398e+02 2.296077945146547279e+02 2.492716908292723019e+02 2.616027457975816333e+02 2.193113606697174305e+02 2.224346477354828551e+02
7.004081632653061301e+06 2.754115222734621398e+02 2.286949008345386574e+02 2.512937982269573354e+02 2.691268265372154929e+02 2.147452516372982529e+02 2.180171243450651843e+02
7.410204081632653251e+06 2.754115222734621398e+02 2.292356375228716274e+02 2.551777861754387686e+02 2.805606397280010924e+02 2.102185853472413726e+02 2.132742548817900001e+02
7.816326530612245202e+06 2.754115222734621398e+02 2.327090713963326323e+02 2.622225860580968515e+02 2.983532268368738869e+02 2.063620163117203958e+02 2.080938550069029418e+02
8.222448979591837153e+06 2.754115222734621398e+02 2.435001056824172849e+02 2.753583912500434963e+02 3.277183529632750378e+02 2.057854564017044652e+02 2.024398780191851870e+02
8.628571428571429104e+06 2.754115222734621398e+02 2.726714746407112671e+02 3.010454104971974516e+02 3.791736340768828200e+02 2.120029700349162454e+02 1.975028089033114327e+02
9.034693877551021054e+06 2.754115222734621398e+02 3.063722173333518981e+02 3.382794346542177664e+02 4.506035138742158779e+02 2.183015066877106278e+02 2.067426697900246495e+02
9.440816326530613005e+06 2.754115222734621398e+02 3.305247676076849075e+02 3.693521914584027854e+02 5.112687243377921504e+02 2.316621939184127541e+02 2.342688734806219770e+02
9.846938775510203093e+06 2.754115222734621398e+02 3.491376411360470797e+02 3.928101698754015274e+02 5.572565099905053785e+02 2.549464860680674860e+02 2.609339697900769579e+02
1.025306122448979504e+07 2.754115222734621398e+02 3.645569972675948520e+02 4.116469517341070627e+02 5.941387707067364090e+02 2.829945770856936633e+02 2.835069519307856467e+02
1.065918367346938699e+07 2.754115222734621966e+02 3.779014945370451528e+02 4.275599902790609690e+02 6.252560956452254004e+02 3.109239876471030470e+02 3.027806566367447658e+02
1.106530612244897895e+07 2.754115222734621398e+02 3.897789848922085412e+02 4.414679316450867077e+02 6.524301967302675394e+02 3.371312855541089561e+02 3.196112164682530192e+02
1.147142857142857090e+07 2.754115222734621398e+02 4.005567888109191585e+02 4.539114140831849795e+02 6.767319173134817447e+02 3.614709435106406090e+02 3.346180713870236332e+02
1.187755102040816285e+07 2.754115222734621398e+02 4.104747759476170472e+02 4.652340686618698555e+02 6.988398873427428271e+02 3.841601911472783968e+02 3.482290871980960105e+02
1.228367346938775480e+07 2.754115222734621398e+02 4.196988999656110764e+02 4.756680094053980383e+02 7.192110978153535825e+02 4.054557809270866642e+02 3.607428704279514591e+02
1.268979591836734675e+07 2.754115222734621398e+02 4.283491805719946797e+02 4.853776803105346289e+02 7.381684093019714510e+02 4.255820741174770205e+02 3.723719327208551135e+02
1.309591836734693870e+07 2.754115222734621398e+02 4.365155082729153833e+02 4.944840849686838737e+02 7.559488214676421194e+02 4.447199203031247521e+02 3.832706683169011512e+02
1.350204081632653065e+07 2.754115222734621966e+02 4.442671381309642697e+02 5.030790366814460981e+02 7.727317927099689996e+02 4.630147139940934267e+02 3.935536303783655399e+02
1.390816326530612260e+07 2.754115222734621398e+02 4.516586841035110069e+02 5.112339831301284221e+02 7.886567331276289678e+02 4.805828565140404862e+02 4.033076578967485943e+02
1.431428571428571455e+07 2.754115222734621398e+02 4.587340626726473829e+02 5.190057113375759172e+02 8.038342856627604078e+02 4.975183123251080133e+02 4.126000288653366397e+02
1.472040816326530650e+07 2.754115222734621966e+02 4.655291782222759025e+02 5.264401718067799720e+02 8.183538707825706524e+02 5.138981349156241549e+02 4.214840021475790763e+02
1.512653061224489845e+07 2.754115222734621398e+02 4.720738058870119858e+02 5.335751221783850724e+02 8.322888912364320504e+02 5.297863648923857909e+02 4.300026229315859609e+02
1.553265306122449040e+07 2.754115222734621966e+02 4.783929453157552985e+02 5.404420039438203958e+02 8.457004198076976991e+02 5.452359273265985848e+02 4.381913632991450527e+02
1.593877551020408235e+07 2.754115222734621398e+02 4.845078155092527368e+02 5.470673057660875429e+02 8.586398735906858519e+02 5.602926038138763261e+02 4.460799753309652260e+02
1.634489795918367431e+07 2.754115222734621398e+02 4.904366000192564456e+02 5.534735740487075191e+02 8.711509931865314229e+02 5.749945649973436730e+02 4.536938078530859570e+02
1.675102040816326439e+07 2.754115222734621398e+02 4.961950146704484155e+02 5.596801754974766254e+02 8.832713340408630529e+02 5.893747328833054553e+02 4.610547549085786159e+02
1.715714285714285821e+07 2.754115222734621398e+02 5.017967466301113859e+02 5.657038817309629621e+02 8.950334082785319652e+02 6.034631110306304436e+02 4.681819491227158778e+02
1.756326530612244830e+07 2.754115222734621398e+02 5.072537985862190908e+02 5.715593238661425630e+02 9.064655715329406576e+02 6.172834270087821551e+02 4.750922766224963425e+02
1.796938775510204211e+07 2.754115222734621966e+02 5.125767618360840743e+02 5.772593505366531872e+02 9.175927206383693147e+02 6.308582035058179827e+02 4.818007657879071530e+02
1.837551020408163220e+07 2.754115222734621966e+02 5.177750353630769951e+02 5.828153131292539229e+02 9.284368489467650534e+02 6.442071300651928141e+02 4.883208857465629080e+02
1.878163265306122601e+07 2.754115222734621398e+02 5.228570033490441347e+02 5.882372954292351324e+02 9.390174930200877270e+02 6.573489204185699464e+02 4.946647794800319389e+02
1.918775510204081610e+07 2.754115222734621398e+02 5.278301803274258646e+02 5.935343002862597359e+02 9.493520954289454039e+02 6.702971868297304354e+02 5.008434489147598470e+02
1.959387755102040619e+07 2.754115222734621398e+02 5.327013308737383568e+02 5.987144026800610845e+02 9.594563020287188237e+02 6.830669577124587022e+02 5.068669042502405659e+02
2.000000000000000000e+07 2.754115222734621398e+02 5.374765690633668100e+02 6.037848762494722905e+02 9.693442075336145081e+02 6.956709181493223468e+02 5.127442862550733480e+02
