# T = 60.0 C (+273.15 K)
# p, Ideal gas, RK, SRK, PR, LK, SW
1.000000000000000000e+05 2.832527204039759567e+02 2.826422289312654357e+02 2.827792614330729748e+02 2.826535566616981328e+02 2.827060835478133072e+02 2.825967220357429142e+02
5.061224489795918344e+05 2.832527204039759567e+02 2.801590786602020557e+02 2.808755597790553793e+02 2.802636030838323791e+02 2.804694407618779337e+02 2.803784131695855990e+02
9.122448979591836687e+05 2.832527204039759567e+02 2.776717421105100243e+02 2.790066853790804657e+02 2.779519507314769839e+02 2.782056353905910555e+02 2.781434742532561586e+02
1.318367346938775387e+06 2.832527204039759567e+02 2.751832231180819690e+02 2.771788151909485123e+02 2.757315716005720105e+02 2.759140848340333605e+02 2.758912762128318832e+02
1.724489795918367337e+06 2.832527204039759567e+02 2.726971565192931166e+02 2.753990359588212868e+02 2.736173785751402079e+02 2.735942694789156917e+02 2.736213458965408449e+02
2.130612244897959288e+06 2.832527204039760136e+02 2.702179449357728913e+02 2.736754988095863723e+02 2.716265438699480796e+02 2.712457959181436991e+02 2.713334070854513129e+02
2.536734693877550773e+06 2.832527204039759567e+02 2.677509298636143740e+02 2.720176047223271780e+02 2.697788751165682015e+02 2.688684233864937596e+02 2.690274296110452497e+02
2.942857142857142724e+06 2.832527204039759567e+02 2.653026071195583313e+02 2.704362280003639967e+02 2.680972604023760937e+02 2.664621456068906582e+02 2.667036885373673840e+02
3.348979591836734675e+06 2.832527204039759567e+02 2.628809001058561421e+02 2.689439867180956298e+02 2.666081958986348468e+02 2.640272808645087821e+02 2.643628359728161286e+02
3.755102040816326626e+06 2.832527204039759567e+02 2.604955090806203657e+02 2.675555714587185889e+02 2.653424124932515156e+02 2.615645613074574385e+02 2.620059889287996953e+02
4.161224489795918576e+06 2.832527204039759567e+02 2.581583612260313885e+02 2.662881466252144946e+02 2.643356211119642012e+02 2.590753802845714517e+02 2.596348378655519582e+02
4.567346938775510527e+06 2.832527204039759567e+02 2.558841956162160614e+02 2.651618423214374616e+02 2.636294001417887216e+02 2.565619390542488532e+02 2.572517823631979468e+02
4.973469387755101547e+06 2.832527204039759567e+02 2.536913303987624602e+02 2.642003593586097736e+02 2.632722523852353333e+02 2.540276672997882486e+02 2.548601030636997677e+02
5.379591836734693497e+06 2.832527204039760136e+02 2.516026783469596637e+02 2.634317153292294051e+02 2.633208627651822553e+02 2.514776616150614643e+02 2.524641832057358499e+02
5.785714285714285448e+06 2.832527204039759567e+02 2.496471038424318181e+02 2.628891655955158058e+02 2.638415903645757226e+02 2.489194095227043135e+02 2.500697996284874023e+02
6.191836734693877399e+06 2.832527204039759567e+02 2.478612525271075810e+02 2.626123384676997148e+02 2.649122266962226036e+02 2.463638446319445450e+02 2.476845139558634230e+02
6.597959183673469350e+06 2.832527204039759567e+02 2.462920379936317374e+02 2.626486263003525323e+02 2.666240408860095386e+02 2.438268915285533751e+02 2.453182114360475623e+02
7.004081632653061301e+06 2.832527204039759567e+02 2.450000403278433510e+02 2.630548680399451200e+02 2.690841006884263606e+02 2.413318387959257620e+02 2.429838645666184220e+02
7.410204081632653251e+06 2.832527204039759567e+02 2.440641540248648766e+02 2.638993317446195306e+02 2.724177843487061637e+02 2.389129132439138914e+02 2.406986453706717271e+02
7.816326530612245202e+06 2.832527204039760136e+02 2.435878869050250728e+02 2.652639327750657685e+02 2.767712415368635561e+02 2.366207034696741971e+02 2.384855882079353933e+02
8.222448979591837153e+06 2.832527204039760136e+02 2.437076489204944778e+02 2.672464558165839321e+02 2.823132491668087596e+02 2.345300023360782404e+02 2.363761253914802296e+02
8.628571428571429104e+06 2.832527204039759567e+02 2.446028602429736338e+02 2.699621977266558019e+02 2.892353225140663540e+02 2.327503012612004909e+02 2.344139841444144281e+02
9.034693877551021054e+06 2.832527204039759567e+02 2.465059127947520494e+02 2.735437732678449265e+02 2.977479328957069811e+02 2.314362217469861207e+02 2.326610943255917903e+02
9.440816326530613005e+06 2.832527204039759567e+02 2.497050910336719198e+02 2.781366765016931595e+02 3.080691785689145377e+02 2.307876960576029148e+02 2.312060982775139735e+02
9.846938775510203093e+06 2.832527204039759567e+02 2.545229382060965975e+02 2.838866426369209535e+02 3.204006556288540537e+02 2.310167202951559204e+02 2.301752751617953834e+02
1.025306122448979504e+07 2.832527204039759567e+02 2.612390325635055319e+02 2.909139113683457936e+02 3.348853290237047418e+02 2.322595742988532663e+02 2.297437738137332985e+02
1.065918367346938699e+07 2.832527204039759567e+02 2.699378844452734256e+02 2.992722035235844373e+02 3.515478715350957373e+02 2.344848464388178684e+02 2.301430699595592841e+02
1.106530612244897895e+07 2.832527204039759567e+02 2.803533483989157844e+02 3.089010732048262753e+02 3.702332685586541174e+02 2.375328942244120753e+02 2.316581208988939409e+02
1.147142857142857090e+07 2.832527204039759567e+02 2.918877592120292093e+02 3.195975957802960465e+02 3.905790239806934778e+02 2.412815031116861917e+02 2.345941268464899565e+02
1.187755102040816285e+07 2.832527204039759567e+02 3.038538024472762800e+02 3.310380120874973500e+02 4.120562341474648633e+02 2.457237954360514038e+02 2.391857098639813159e+02
1.228367346938775480e+07 2.832527204039759567e+02 3.157181699197539615e+02 3.428506484928150826e+02 4.340754730520965268e+02 2.509042633794590813e+02 2.454811857469991310e+02
1.268979591836734675e+07 2.832527204039759567e+02 3.271731799303566390e+02 3.546997789899613167e+02 4.561044598992679084e+02 2.568498292222871555e+02 2.532930544076758963e+02
1.309591836734693870e+07 2.832527204039759567e+02 3.380858451625207977e+02 3.663363413079513293e+02 4.777413226559775126e+02 2.635573089869217256e+02 2.622666294818144479e+02
1.350204081632653065e+07 2.832527204039759567e+02 3.484252691514985827e+02 3.776055206289856869e+02 4.987287811074748447e+02 2.710053894327248258e+02 2.719665867232674259e+02
1.390816326530612260e+07 2.832527204039759567e+02 3.582107223309088795e+02 3.884285578108002142e+02 5.189301960990241014e+02 2.791617033448300162e+02 2.820298349241297728e+02
1.431428571428571455e+07 2.832527204039759567e+02 3.674823046825739539e+02 3.987782891053930143e+02 5.382939320602026783e+02 2.879805482673585857e+02 2.922043157776277553e+02
1.472040816326530650e+07 2.832527204039760136e+02 3.762862187957840661e+02 4.086585650252443429e+02 5.568215437331140265e+02 2.973976475370766366e+02 3.023240258440858952e+02
1.512653061224489845e+07 2.832527204039759567e+02 3.846679826997929013e+02 4.180899776512013659e+02 5.745446231867224469e+02 3.073297924075798164e+02 3.122820445431821668e+02
1.553265306122449040e+07 2.832527204039759567e+02 3.926696279020503084e+02 4.271009637833093393e+02 5.915097414964253630e+02 3.176802892835062835e+02 3.220134542624354594e+02
1.593877551020408235e+07 2.832527204039759567e+02 4.003288029080197248e+02 4.357226374805397882e+02 6.077693479663198559e+02 3.283472595204143545e+02 3.314835343368824851e+02
1.634489795918367431e+07 2.832527204039759567e+02 4.076787434409232560e+02 4.439859653774117305e+02 6.233765869696924256e+02 3.392320526956926301e+02 3.406781274861649536e+02
1.675102040816326439e+07 2.832527204039759567e+02 4.147486045695247867e+02 4.519203327499544685e+02 6.383825323073830305e+02 3.502455445358914403e+02 3.495959436150770330e+02
1.715714285714285821e+07 2.832527204039759567e+02 4.215639152795822611e+02 4.595529039315570685e+02 6.528348523955459086e+02 3.613118179227436713e+02 3.582430310921920409e+02
1.756326530612244830e+07 2.832527204039759567e+02 4.281470460022069915e+02 4.669084210028801749e+02 6.667772938737771256e+02 3.723691175354721850e+02 3.666292187515640535e+02
1.796938775510204211e+07 2.832527204039759567e+02 4.345176426328413868e+02 4.740092341283836390e+02 6.802496161720952159e+02 3.833692160745474666e+02 3.747660312348795060e+02
1.837551020408163220e+07 2.832527204039760136e+02 4.406930106511267127e+02 4.808754460623414388e+02 6.932877615177833377e+02 3.942754638963412503e+02 3.826655388393186854e+02
1.878163265306122601e+07 2.832527204039759567e+02 4.466884468535617998e+02 4.875251053496776876e+02 7.059241364117062858e+02 4.050610488640767244e+02 3.903397746540799176e+02
1.918775510204081610e+07 2.832527204039759567e+02 4.525175222090044258e+02 4.939744126746621760e+02 7.181879348263531710e+02 4.157077873395113556e+02 3.978004299039002376e+02
1.959387755102040619e+07 2.832527204039759567e+02 4.581923215343030051e+02 5.002379218576438120e+02 7.301054651163213975e+02 4.262030569285072374e+02 4.050587058730606032e+02
2.000000000000000000e+07 2.832527204039759567e+02 4.637236460918049374e+02 5.063287266005659149e+02 7.417004610122108943e+02 4.365395528066090378e+02 4.121252417899151510e+02
