# T = 80.0 C (+273.15 K)
# p, Ideal gas, RK, SRK, PR, LK, SW
1.000000000000000000e+05 2.908517313253630050e+02 2.903286954402767037e+02 2.904758146917992008e+02 2.903562256860117827e+02 2.904077982397526512e+02 2.902275429517651446e+02
5.061224489795918344e+05 2.908517313253630050e+02 2.882091084115866124e+02 2.889731595974514562e+02 2.883889729229550198e+02 2.886002677286277844e+02 2.883991757713699258e+02
9.122448979591836687e+05 2.908517313253630050e+02 2.860989554082785844e+02 2.875124432595592339e+02 2.865006292167318520e+02 2.867858012245129657e+02 2.865720265773296660e+02
1.318367346938775387e+06 2.908517313253630050e+02 2.840013499838988764e+02 2.860985552625585342e+02 2.847006603261660871e+02 2.849651543756959882e+02 2.847464989940507962e+02
1.724489795918367337e+06 2.908517313253630050e+02 2.819198630645020671e+02 2.847368909908205410e+02 2.829995494666892455e+02 2.831392340472509090e+02 2.829232024056425416e+02
2.130612244897959288e+06 2.908517313253630050e+02 2.798585940181619662e+02 2.834334068271479623e+02 2.814089029016234917e+02 2.813091525656349177e+02 2.811029846192454329e+02
2.536734693877550773e+06 2.908517313253630050e+02 2.778222539038577565e+02 2.821946812366104496e+02 2.799415641212451646e+02 2.794762383614058763e+02 2.792869684540297044e+02
2.942857142857142724e+06 2.908517313253630050e+02 2.758162631317785554e+02 2.810279821507497218e+02 2.786117363678806100e+02 2.776421013397808224e+02 2.774765927798063672e+02
3.348979591836734675e+06 2.908517313253630050e+02 2.738468661684026983e+02 2.799413409879847450e+02 2.774351128489668667e+02 2.758086903500819176e+02 2.756736586133041556e+02
3.755102040816326626e+06 2.908517313253630050e+02 2.719212663725994048e+02 2.789436335043230315e+02 2.764290134039492841e+02 2.739783537313106763e+02 2.738803809827635973e+02
4.161224489795918576e+06 2.908517313253629482e+02 2.700477845433766220e+02 2.780446674363661828e+02 2.756125256074882941e+02 2.721539352795398941e+02 2.720994473990195957e+02
4.567346938775510527e+06 2.908517313253630050e+02 2.682360452702606040e+02 2.772552765373951615e+02 2.750066472411402287e+02 2.703388663356487882e+02 2.703340839326354512e+02
4.973469387755101547e+06 2.908517313253630050e+02 2.664971956511383837e+02 2.765874200644316829e+02 2.746344256748726593e+02 2.685373287948663688e+02 2.685881301041768552e+02
5.379591836734693497e+06 2.908517313253630050e+02 2.648441612816041584e+02 2.760542859786020813e+02 2.745210878791781397e+02 2.667543917959257556e+02 2.668661240644899522e+02
5.785714285714285448e+06 2.908517313253630050e+02 2.632919444502035731e+02 2.756703949793748620e+02 2.746941524329104141e+02 2.649962581927134124e+02 2.651733998939704406e+02
6.191836734693877399e+06 2.908517313253630050e+02 2.618579688976163879e+02 2.754517008849986723e+02 2.751835118828864779e+02 2.632704470323532178e+02 2.635161993070306039e+02
6.597959183673469350e+06 2.908517313253630050e+02 2.605624738192273639e+02 2.754156806481911417e+02 2.760214700267293892e+02 2.615862338931900695e+02 2.619018006248959409e+02
7.004081632653061301e+06 2.908517313253630050e+02 2.594289562068043438e+02 2.755814042851876593e+02 2.772427140263770866e+02 2.599549003678775421e+02 2.603386686465368030e+02
7.410204081632653251e+06 2.908517313253629482e+02 2.584846538713857740e+02 2.759695710178212380e+02 2.788841956738116892e+02 2.583903699532975224e+02 2.588366297203912723e+02
7.816326530612245202e+06 2.908517313253630050e+02 2.577610496442930526e+02 2.766024928358218631e+02 2.809848897216281216e+02 2.569096258100229306e+02 2.574070774138672846e+02
8.222448979591837153e+06 2.908517313253630050e+02 2.572943575441369148e+02 2.775040004478303217e+02 2.835853903328232946e+02 2.555334632280768119e+02 2.560632145096355430e+02
8.628571428571429104e+06 2.908517313253630050e+02 2.571259204489717831e+02 2.786992394321229085e+02 2.867273002526145547e+02 2.542870751862424754e+02 2.548203370894227078e+02
9.034693877551021054e+06 2.908517313253630050e+02 2.573024018835067181e+02 2.802143170431155568e+02 2.904523628862604596e+02 2.532006905384116635e+02 2.536961644450259143e+02
9.440816326530613005e+06 2.908517313253630050e+02 2.578755889859534705e+02 2.820757541283807655e+02 2.948012878129490559e+02 2.523099128258500343e+02 2.527112136808829916e+02
9.846938775510203093e+06 2.908517313253630050e+02 2.589015420343814071e+02 2.843096947452900167e+02 2.998122294797377663e+02 2.516552302053412404e+02 2.518892067733330009e+02
1.025306122448979504e+07 2.908517313253630050e+02 2.604387443861445490e+02 2.869408326677040009e+02 3.055189022950969502e+02 2.512808894266121342e+02 2.512574784977840352e+02
1.065918367346938699e+07 2.908517313253630618e+02 2.625448684908283781e+02 2.899910348098907775e+02 3.119483588722029026e+02 2.512316929968066006e+02 2.508473219698477692e+02
1.106530612244897895e+07 2.908517313253630050e+02 2.652718610676996605e+02 2.934776827351178667e+02 3.191185256643539105e+02 2.515483720204856866e+02 2.506941639208254173e+02
1.147142857142857090e+07 2.908517313253630050e+02 2.686593769703071075e+02 2.974118183635667378e+02 3.270356796973319433e+02 2.522615448271014031e+02 2.508374085493743166e+02
1.187755102040816285e+07 2.908517313253630050e+02 2.727272368399752054e+02 3.017962648624232429e+02 3.356921486040533864e+02 2.533862862096283948e+02 2.513197419320267727e+02
1.228367346938775480e+07 2.908517313253630050e+02 2.774684524353642132e+02 3.066239817668203500e+02 3.450645963939593912e+02 2.549197095936395669e+02 2.521856775033668896e+02
1.268979591836734675e+07 2.908517313253630050e+02 2.828450396737169967e+02 3.118769729495335241e+02 3.551132804286027067e+02 2.568435067813350656e+02 2.534791871534702921e+02
1.309591836734693870e+07 2.908517313253630050e+02 2.887886776471395365e+02 3.175260573780997220e+02 3.657825935643566595e+02 2.591310221176098594e+02 2.552404375551783176e+02
1.350204081632653065e+07 2.908517313253630050e+02 2.952069056223623988e+02 3.235317067778813112e+02 3.770030256483431117e+02 2.617552573108955585e+02 2.575019326441502585e+02
1.390816326530612260e+07 2.908517313253630050e+02 3.019934798156651254e+02 3.298459575940212858e+02 3.886944202551904368e+02 2.646944585657281550e+02 2.602846613077539928e+02
1.431428571428571455e+07 2.908517313253630050e+02 3.090399710264506439e+02 3.364151703408929848e+02 4.007701393043166718e+02 2.679337855722568520e+02 2.635949983734536772e+02
1.472040816326530650e+07 2.908517313253630050e+02 3.162456174485773772e+02 3.431832209784952283e+02 4.131415693914996154e+02 2.714638778381229258e+02 2.674229874043785458e+02
1.512653061224489845e+07 2.908517313253630050e+02 3.235236806794127915e+02 3.500946375779483901e+02 4.257223704964504805e+02 2.752781757459656546e+02 2.717423202915627485e+02
1.553265306122449040e+07 2.908517313253630050e+02 3.308041101896342298e+02 3.570972606072669464e+02 4.384319819650913814e+02 2.793704745511023475e+02 2.765120375992385107e+02
1.593877551020408235e+07 2.908517313253630050e+02 3.380333625302694713e+02 3.641441669525509042e+02 4.511981078696707641e+02 2.837338334531551141e+02 2.816798044135363170e+02
1.634489795918367431e+07 2.908517313253630050e+02 3.451725361410021833e+02 3.711947857560748503e+02 4.639581263387821650e+02 2.883598983885641474e+02 2.871864847939781384e+02
1.675102040816326439e+07 2.908517313253629482e+02 3.521948101947808709e+02 3.782152863721551057e+02 4.766595420844467981e+02 2.932388235952142850e+02 2.929701869853122957e+02
1.715714285714285821e+07 2.908517313253629482e+02 3.590828345250361053e+02 3.851784054791455674e+02 4.892596997098085581e+02 2.983598244895899256e+02 2.989722328661827646e+02
1.756326530612244830e+07 2.908517313253630050e+02 3.658264063313771999e+02 3.920629039004865604e+02 5.017250016378779947e+02 3.037108756913833645e+02 3.051397865563968708e+02
1.796938775510204211e+07 2.908517313253630050e+02 3.724205564525993850e+02 3.988528239997675087e+02 5.140298508669035300e+02 3.092793073039424030e+02 3.114269495045628560e+02
1.837551020408163220e+07 2.908517313253630050e+02 3.788640486350910805e+02 4.055366785004049461e+02 5.261554905537107061e+02 3.150516152879404785e+02 3.177945664567986341e+02
1.878163265306122601e+07 2.908517313253630050e+02 3.851582409317488782e+02 4.121066584281772975e+02 5.380888592536061878e+02 3.210135232478882017e+02 3.242093502828009832e+02
1.918775510204081610e+07 2.908517313253630050e+02 3.913062417615215054e+02 4.185579110379061945e+02 5.498215339139013622e+02 3.271499778769304498e+02 3.306429229851991636e+02
1.959387755102040619e+07 2.908517313253630050e+02 3.973122951865416326e+02 4.248879113613259051e+02 5.613487969712971335e+02 3.334452490399481235e+02 3.370711016124984667e+02
2.000000000000000000e+07 2.908517313253630050e+02 4.031813394446267580e+02 4.310959330702974626e+02 5.726688393556831898e+02 3.398832448096706571e+02 3.434734827963392831e+02
