# T = 60.0 C (+273.15 K)
# p, Ideal gas, RK, SRK, PR, LK, SW
1.000000000000000000e+05 1.588830298524668949e+00 1.594492500957640724e+00 1.594249322369725386e+00 1.595008330623412407e+00 1.594317007901922434e+00 1.594290577986505086e+00
5.061224489795918344e+05 8.041426817022813367e+00 8.189738252074423741e+00 8.183168011746488446e+00 8.203056862416069350e+00 8.185155373153421010e+00 8.184753090475952675e+00
9.122448979591836687e+05 1.449402333552095890e+01 1.498703773676841955e+01 1.496448328355139701e+01 1.503061502529319426e+01 1.497184925219260521e+01 1.497041902913998968e+01
1.318367346938775387e+06 2.094661985401910442e+01 2.200100131829718109e+01 2.195112747277820020e+01 2.209257540058528591e+01 2.196861531791858013e+01 2.196517025426785352e+01
1.724489795918367337e+06 2.739921637251724817e+01 2.924793521348971836e+01 2.915739832855837577e+01 2.940539265045008932e+01 2.919131594354984927e+01 2.918446958530916291e+01
2.130612244897959288e+06 3.385181289101539193e+01 3.674611396390964302e+01 3.659915349431095422e+01 3.698730288470849104e+01 3.665772045511751287e+01 3.664559737862654742e+01
2.536734693877550773e+06 4.030440940951353923e+01 4.451610890268062093e+01 4.429403917036503202e+01 4.485858066600834348e+01 4.438781880951876957e+01 4.436793220383068359e+01
2.942857142857142724e+06 4.675700592801168654e+01 5.258118656684458614e+01 5.226175982374078899e+01 5.304184089458416196e+01 5.240420030214804115e+01 5.237328551497872553e+01
3.348979591836734675e+06 5.320960244650982673e+01 6.096779502600131906e+01 6.052439721778944914e+01 6.156239416343697712e+01 6.073251336464505101e+01 6.068630277501069514e+01
3.755102040816326626e+06 5.966219896500797404e+01 6.970616138642043325e+01 6.910678864554130030e+01 7.044866564005150167e+01 6.940202698115669477e+01 6.933494678016616319e+01
4.161224489795918576e+06 6.611479548350612845e+01 7.883103067816226428e+01 7.803697599756941372e+01 7.973268898126885063e+01 7.844632000060587984e+01 7.835108314893575709e+01
4.567346938775510527e+06 7.256739200200426865e+01 8.838258540921715678e+01 8.734673899363151861e+01 8.945068793561047471e+01 8.790413194020347021e+01 8.777119332681301955e+01
4.973469387755101547e+06 7.901998852050240885e+01 9.840759676117036747e+01 9.707222714121890306e+01 9.964375854759371975e+01 9.782041798454062587e+01 9.763724726624108996e+01
5.379591836734693497e+06 8.547258503900054905e+01 1.089608730186216121e+02 1.072547048886268470e+02 1.103586631158873104e+02 1.082476617265991479e+02 1.079977763651005063e+02
5.785714285714285448e+06 9.192518155749868924e+01 1.201070879959137727e+02 1.179414212935345034e+02 1.216487411233484437e+02 1.192475109048382080e+02 1.189091972425128603e+02
6.191836734693877399e+06 9.837777807599684365e+01 1.319230895997978905e+02 1.291866059889298697e+02 1.335749282597543299e+02 1.308928110466483190e+02 1.304374477905436152e+02
6.597959183673469350e+06 1.048303745944949839e+02 1.445007987950412485e+02 1.410525709242632217e+02 1.462068450885318782e+02 1.432701116851527843e+02 1.426600063367382347e+02
7.004081632653061301e+06 1.112829711129931383e+02 1.579507921283565679e+02 1.536108503299458334e+02 1.596238587125963022e+02 1.564826902678225622e+02 1.556683666147790461e+02
7.410204081632653251e+06 1.177355676314912927e+02 1.724065665726948851e+02 1.669432175902439326e+02 1.739159108812493741e+02 1.706540339474778705e+02 1.695710211078382486e+02
7.816326530612245202e+06 1.241881641499894187e+02 1.880291932791570275e+02 1.811422380097805274e+02 1.891837055236342735e+02 1.859314327752148870e+02 1.844969302642328728e+02
8.222448979591837153e+06 1.306407606684875873e+02 2.050112965071789404e+02 1.963106850664008505e+02 2.055374975726401203e+02 2.024886327888350195e+02 2.005992521448937680e+02
8.628571428571429104e+06 1.370933571869857417e+02 2.235774277916671053e+02 2.125585675634449956e+02 2.230931458837801529e+02 2.205248877758139656e+02 2.180586192273708832e+02
9.034693877551021054e+06 1.435459537054838961e+02 2.439737381644778793e+02 2.299955857310980321e+02 2.419632362302963600e+02 2.402544271875825359e+02 2.370841552404108370e+02
9.440816326530613005e+06 1.499985502239820221e+02 2.664317547726964790e+02 2.487155982386606752e+02 2.622400856750130629e+02 2.618748685730664647e+02 2.579081466124303006e+02
9.846938775510203093e+06 1.564511467424801481e+02 2.910800842466410927e+02 2.687687741763365352e+02 2.839670474631150796e+02 2.854991870602184463e+02 2.807661329402074557e+02
1.025306122448979504e+07 1.629037432609783025e+02 3.177804066319761773e+02 2.901186648819154925e+02 3.070967489088172329e+02 3.110504789229130438e+02 3.058487936572580566e+02
1.065918367346938699e+07 1.693563397794764285e+02 3.459302803889814300e+02 3.125896914467755892e+02 3.314429832806025047e+02 3.381744394311030533e+02 3.332117207223745368e+02
1.106530612244897895e+07 1.758089362979745829e+02 3.744261891208166162e+02 3.358282514794888698e+02 3.566478836302885611e+02 3.662708267140012595e+02 3.626485666800409717e+02
1.147142857142857090e+07 1.822615328164727373e+02 4.019873655181305026e+02 3.593168716996855210e+02 3.821974116952771396e+02 3.946504978829551078e+02 3.935765603502537147e+02
1.187755102040816285e+07 1.887141293349708917e+02 4.276491136928542574e+02 3.824652114698295691e+02 4.075032956973997784e+02 4.226846030840822550e+02 4.250219835629537215e+02
1.228367346938775480e+07 1.951667258534690177e+02 4.509868357985823195e+02 4.047441308557025081e+02 4.320234656943236473e+02 4.498676110414974687e+02 4.557899340475307781e+02
1.268979591836734675e+07 2.016193223719672005e+02 4.720005249954259625e+02 4.257872091958468559e+02 4.553591207832328109e+02 4.758287079805319308e+02 4.848029523415005997e+02
1.309591836734693870e+07 2.080719188904653265e+02 4.909030125182307529e+02 4.454146682207473305e+02 4.772872260215124243e+02 5.003264498366283988e+02 5.114010402985194332e+02
1.350204081632653065e+07 2.145245154089634525e+02 5.079709025994412741e+02 4.635965553221669211e+02 4.977362567446896833e+02 5.232324465042879638e+02 5.353783358398158043e+02
1.390816326530612260e+07 2.209771119274616353e+02 5.234726591747819384e+02 4.803967997981314966e+02 5.167381950334503244e+02 5.445071811141206126e+02 5.568389345539166015e+02
1.431428571428571455e+07 2.274297084459597613e+02 5.376430526118826947e+02 4.959258654180865165e+02 5.343830674715442228e+02 5.641748883244282524e+02 5.760311949971974173e+02
1.472040816326530650e+07 2.338823049644578873e+02 5.506787369117639628e+02 5.103097891912515252e+02 5.507863138984204170e+02 5.823025578358137864e+02 5.932445705004984120e+02
1.512653061224489845e+07 2.403349014829560701e+02 5.627417073173540984e+02 5.236730856099557059e+02 5.660689533179610180e+02 5.989841716081944014e+02 6.087597530317052588e+02
1.553265306122449040e+07 2.467874980014541961e+02 5.739648630608940039e+02 5.361306983722705581e+02 5.803470230783422039e+02 6.143291046035377576e+02 6.228275310445736750e+02
1.593877551020408235e+07 2.532400945199523790e+02 5.844574741266035289e+02 5.477850795416968595e+02 5.937267694611158504e+02 6.284534262128297541e+02 6.356622036591340930e+02
1.634489795918367431e+07 2.596926910384505049e+02 5.943098642691428495e+02 5.587258885921909268e+02 6.063030659943462979e+02 6.414733813367176936e+02 6.474424831100882329e+02
1.675102040816326439e+07 2.661452875569486309e+02 6.035972077408338237e+02 5.690308868619852092e+02 6.181594940462180148e+02 6.535007370511560794e+02 6.583157838632303083e+02
1.715714285714285821e+07 2.725978840754468138e+02 6.123825358654135016e+02 5.787672776986537428e+02 6.293691915599248432e+02 6.646397788359581682e+02 6.684034656551265243e+02
1.756326530612244830e+07 2.790504805939448829e+02 6.207190969665540479e+02 5.879931234909605564e+02 6.399959887428253751e+02 6.749856831017291370e+02 6.778057912706727848e+02
1.796938775510204211e+07 2.855030771124430657e+02 6.286522063736032351e+02 5.967586735514818201e+02 6.500955864404750173e+02 6.846239356843609585e+02 6.866061266164048220e+02
1.837551020408163220e+07 2.919556736309411917e+02 6.362207007537202799e+02 6.051075399530252525e+02 6.597166628420380903e+02 6.936304670499308713e+02 6.948743144835781322e+02
1.878163265306122601e+07 2.984082701494393746e+02 6.434580871510459019e+02 6.130777083379153964e+02 6.689018627764639859e+02 7.020722245932716987e+02 7.026693209035704513e+02
1.918775510204081610e+07 3.048608666679375006e+02 6.503934564663013589e+02 6.207023931055421144e+02 6.776886585833868821e+02 7.100079719330736907e+02 7.100412966279274087e+02
1.959387755102040619e+07 3.113134631864356265e+02 6.570522146027261670e+02 6.280107549650135752e+02 6.861100880206488455e+02 7.174891722428602634e+02 7.170331871849394929e+02
2.000000000000000000e+07 3.177660597049338094e+02 6.634566717733707719e+02 6.350285007773169355e+02 6.941953815730307724e+02 7.245608668163725952e+02 7.236819997406100811e+02
