# T = 80.0 C (+273.15 K)
# p, Ideal gas, RK, SRK, PR, LK, SW
1.000000000000000000e+05 1.498849820058030469e+00 1.503334265636319778e+00 1.502991704453996658e+00 1.503660802163652610e+00 1.503040487508964240e+00 1.503066707253686074e+00
5.061224489795918344e+05 7.586015415803909256e+00 7.702926010065881179e+00 7.693763436480979045e+00 7.711195988151297698e+00 7.695221026829027977e+00 7.696182469796268855e+00
9.122448979591836687e+05 1.367318101154978827e+01 1.405987337771044743e+01 1.402875926720349220e+01 1.408637247026518935e+01 1.403422964697435660e+01 1.403734831449442666e+01
1.318367346938775387e+06 1.976034660729566639e+01 2.058294643876239505e+01 2.051494536575528826e+01 2.063738157947637575e+01 2.052804332619875183e+01 2.053438764245445824e+01
1.724489795918367337e+06 2.584751220304154273e+01 2.728164762618322925e+01 2.715975607292265792e+01 2.737295424363511387e+01 2.718528896624670566e+01 2.719575615557242543e+01
2.130612244897959288e+06 3.193467779878742263e+01 3.416628884642418740e+01 3.397112764690066911e+01 3.430239737738031636e+01 3.401531019001019729e+01 3.403059965967994316e+01
2.536734693877550773e+06 3.802184339453329898e+01 4.124807739142065088e+01 4.095753310275643599e+01 4.143563077328668953e+01 4.102824156502073549e+01 4.104881685647161049e+01
2.942857142857142724e+06 4.410900899027917887e+01 4.853921140677397972e+01 4.812801753300759344e+01 4.878322360475012687e+01 4.823509088324568950e+01 4.826112729061092210e+01
3.348979591836734675e+06 5.019617458602505167e+01 5.605298555158936580e+01 5.549223298934387572e+01 5.635642926028261002e+01 5.564783004138669753e+01 5.567914448982676134e+01
3.755102040816326626e+06 5.628334018177093867e+01 6.380390723574683420e+01 6.306047158524611262e+01 6.416721670464305305e+01 6.327949488315182691e+01 6.331545413668705891e+01
4.161224489795918576e+06 6.237050577751682567e+01 7.180782336586646863e+01 7.084369490890844645e+01 7.222829586427874915e+01 7.114429403101395621e+01 7.118369681184461228e+01
4.567346938775510527e+06 6.845767137326269847e+01 8.008205675932642009e+01 7.885355706767984429e+01 8.055313361281142193e+01 7.925772616701705431e+01 7.929865440916992725e+01
4.973469387755101547e+06 7.454483696900857126e+01 8.864555012756208896e+01 8.710241765891242949e+01 8.915595572626426701e+01 8.763670429565233633e+01 8.767633868661336294e+01
5.379591836734693497e+06 8.063200256475445826e+01 9.751901353394841010e+01 9.560333960372291529e+01 9.805172861733471734e+01 9.629968404991396369e+01 9.633407950400867037e+01
5.785714285714285448e+06 8.671916816050033106e+01 1.067250681265622205e+02 1.043700650028027610e+02 1.072561126676373959e+02 1.052667908059896149e+02 1.052906090009398525e+02
6.191836734693877399e+06 9.280633375624620385e+01 1.162883741909218998e+02 1.134169598818061928e+02 1.167853764849572968e+02 1.145599368416543484e+02 1.145661361331794552e+02
6.597959183673469350e+06 9.889349935199209085e+01 1.262357243889019571e+02 1.227589157966591387e+02 1.266562583712898800e+02 1.242029144105587051e+02 1.241824034082343218e+02
7.004081632653061301e+06 1.049806649477379779e+02 1.365960723739275693e+02 1.324111927047881636e+02 1.368857577082065404e+02 1.342214425614263860e+02 1.341627140599940162e+02
7.410204081632653251e+06 1.110678305434838649e+02 1.474004513800274765e+02 1.423891832936056403e+02 1.474908349797757410e+02 1.446431336561198862e+02 1.445319129113201768e+02
7.816326530612245202e+06 1.171549961392297234e+02 1.586817151525241059e+02 1.527080742721633158e+02 1.584879951054918479e+02 1.554973283896454461e+02 1.553162973257704493e+02
8.222448979591837153e+06 1.232421617349756104e+02 1.704740029857094044e+02 1.633823754539274091e+02 1.698927253457199811e+02 1.668147241655971413e+02 1.665434253970530563e+02
8.628571428571429104e+06 1.293293273307214974e+02 1.828117907467032239e+02 1.744252837663268281e+02 1.817187575064386067e+02 1.786266900450019648e+02 1.782417763112716500e+02
9.034693877551021054e+06 1.354164929264673845e+02 1.957283424527849718e+02 1.858478483595145860e+02 1.939771264844187613e+02 1.909641237035314987e+02 1.904402022816759938e+02
9.440816326530613005e+06 1.415036585222132430e+02 2.092533307442133719e+02 1.976579075460757338e+02 2.066750062184181047e+02 2.038556696383813289e+02 2.031670928828904152e+02
9.846938775510203093e+06 1.475908241179591016e+02 2.234093712732563404e+02 2.098587823944309037e+02 2.198143235091246765e+02 2.173251038228121956e+02 2.164491528142508230e+02
1.025306122448979504e+07 1.536779897137049886e+02 2.382072597060264911e+02 2.224477403989442905e+02 2.333901838108461675e+02 2.313877400617958244e+02 2.303096779836137671e+02
1.065918367346938699e+07 1.597651553094508472e+02 2.536398833523657004e+02 2.354142905502799863e+02 2.473891935730293881e+02 2.460458939685731536e+02 2.447662125907768029e+02
1.106530612244897895e+07 1.658523209051967342e+02 2.696751920043773794e+02 2.487384402825344125e+02 2.617878296748762637e+02 2.612838201319108862e+02 2.598274998620564702e+02
1.147142857142857090e+07 1.719394865009426212e+02 2.862493034879931315e+02 2.623891298810804642e+02 2.765510791030006317e+02 2.770631078762712036e+02 2.754897283537642352e+02
1.187755102040816285e+07 1.780266520966885082e+02 3.032616721426286404e+02 2.763231432628630841e+02 2.916316319035190645e+02 2.933200641698813342e+02 2.917322545003005985e+02
1.228367346938775480e+07 1.841138176924343952e+02 3.205748376848509338e+02 2.904848427761551761e+02 3.069699282919304437e+02 3.099666550949111183e+02 3.085132639321336114e+02
1.268979591836734675e+07 1.902009832881802822e+02 3.380209034566628361e+02 3.048070474218321237e+02 3.224953052282910448e+02 3.268956760870491394e+02 3.257661792826750116e+02
1.309591836734693870e+07 1.962881488839261408e+02 3.554150770041255782e+02 3.192132349267416771e+02 3.381283414592523968e+02 3.439891664480991835e+02 3.433979006393901727e+02
1.350204081632653065e+07 2.023753144796720278e+02 3.725738087964008400e+02 3.336210007381590117e+02 3.537842785259785501e+02 3.611277105746299867e+02 3.612899675936955077e+02
1.390816326530612260e+07 2.084624800754179148e+02 3.893328687569526778e+02 3.479464096161028124e+02 3.693771548683693027e+02 3.781982061178949266e+02 3.793032837512646438e+02
1.431428571428571455e+07 2.145496456711638018e+02 4.055606707908962676e+02 3.621086320694048482e+02 3.848241124540147098e+02 3.950988523081305175e+02 3.972861849543336348e+02
1.472040816326530650e+07 2.206368112669096604e+02 4.211643400462263003e+02 3.760341703113940071e+02 4.000492895501179760e+02 4.117414828681224890e+02 4.150846935044307884e+02
1.512653061224489845e+07 2.267239768626555474e+02 4.360888807102073770e+02 3.896600874011047608e+02 4.149868183815410134e+02 4.280520836359181658e+02 4.325532195156391708e+02
1.553265306122449040e+07 2.328111424584014344e+02 4.503116954159553416e+02 4.029359120780712828e+02 4.295826601752632996e+02 4.439703382367515587e+02 4.495639569818508789e+02
1.593877551020408235e+07 2.388983080541473214e+02 4.638350963306301082e+02 4.158241949647029401e+02 4.437952529712997034e+02 4.594487342254211057e+02 4.660136437440473287e+02
1.634489795918367431e+07 2.449854736498932084e+02 4.766788203746140766e+02 4.282999352533024648e+02 4.575951441731519935e+02 4.744514746182372846e+02 4.818269147056660131e+02
1.675102040816326439e+07 2.510726392456390670e+02 4.888736505865985578e+02 4.403492253531201186e+02 4.709638894301958203e+02 4.889532866233636241e+02 4.969564014938554237e+02
1.715714285714285821e+07 2.571598048413849824e+02 5.004565109743156199e+02 4.519674761984384759e+02 4.838925216080113501e+02 5.029381713319871778e+02 5.113800929489797795e+02
1.756326530612244830e+07 2.632469704371308126e+02 5.114669695893757648e+02 4.631575254638136698e+02 4.963798538696625542e+02 5.163981358761828915e+02 5.250966547374175661e+02
1.796938775510204211e+07 2.693341360328766996e+02 5.219448993285911911e+02 4.739278392584800486e+02 5.084308116995863429e+02 5.293319538179976007e+02 5.381202359705898743e+02
1.837551020408163220e+07 2.754213016286225866e+02 5.319290093848088645e+02 4.842909282028533653e+02 5.200549161173365746e+02 5.417439958727345584e+02 5.504756525962311571e+02
1.878163265306122601e+07 2.815084672243684736e+02 5.414559930090268836e+02 4.942620281929709449e+02 5.312649794103726890e+02 5.536431616260155124e+02 5.621944472232443104e+02
1.918775510204081610e+07 2.875956328201143606e+02 5.505600918373098693e+02 5.038580488635719234e+02 5.420760308511610219e+02 5.650419286492380024e+02 5.733119298714800607e+02
1.959387755102040619e+07 2.936827984158601907e+02 5.592729305857976669e+02 5.130967658162182943e+02 5.525044623450030485e+02 5.759555228154000588e+02 5.838650699636152694e+02
2.000000000000000000e+07 2.997699640116060777e+02 5.676235199744511419e+02 5.219962205694806698e+02 5.625673693268777242e+02 5.864012048897992599e+02 5.938910346907171061e+02
