# T = 100.0 C (+273.15 K)
# p, Ideal gas, RK, SRK, PR, LK, SW
1.000000000000000000e+05 1.418514843771923939e+00 1.422101489425102061e+00 1.421696320688264681e+00 1.422288551087698139e+00 1.421746159238572504e+00 1.421805396728407223e+00
5.061224489795918344e+05 7.179422066437492589e+00 7.272571579208293890e+00 7.261821164519998817e+00 7.277180670991832301e+00 7.263279864773740435e+00 7.265084938478610255e+00
9.122448979591836687e+05 1.294032928910306168e+01 1.324720179713501800e+01 1.321100508871912460e+01 1.326152590450007018e+01 1.321637767243657535e+01 1.322228579909825541e+01
1.318367346938775387e+06 1.870123651176863078e+01 1.935130562735218973e+01 1.927290679222126002e+01 1.937973931686835982e+01 1.928554678550385049e+01 1.929783951148399268e+01
1.724489795918367337e+06 2.446214373443419987e+01 2.559049988418004418e+01 2.545130902420735097e+01 2.563637727823600798e+01 2.547554032752165298e+01 2.549642391481909343e+01
2.130612244897959288e+06 3.022305095709976897e+01 3.197072097874675478e+01 3.175011541899758427e+01 3.203613190016145040e+01 3.179137050268140996e+01 3.182297254416569743e+01
2.536734693877550773e+06 3.598395817976533806e+01 3.849824080778866175e+01 3.817334521968252403e+01 3.858382269125330311e+01 3.823832163120189875e+01 3.828268303595667277e+01
2.942857142857142724e+06 4.174486540243090360e+01 4.517968175727693847e+01 4.472512540802947001e+01 4.528438483912479029e+01 4.482196273415765120e+01 4.488102415799241385e+01
3.348979591836734675e+06 4.750577262509646914e+01 5.202203013827097777e+01 5.140967967084296220e+01 5.214285342812017632e+01 5.154815922849625309e+01 5.162374098296871239e+01
3.755102040816326626e+06 5.326667984776204889e+01 5.903264714697387205e+01 5.823131353414692768e+01 5.916434279467188873e+01 5.842308314614252396e+01 5.851685761819281595e+01
4.161224489795918576e+06 5.902758707042762154e+01 6.621927615270621459e+01 6.519439488652517412e+01 6.635402010632839165e+01 6.545322110215947475e+01 6.556667677861584309e+01
4.567346938775510527e+06 6.478849429309319419e+01 7.359004475135090217e+01 7.230332899290860382e+01 7.371707212949732480e+01 7.264537899490080974e+01 7.277977534317042796e+01
4.973469387755101547e+06 7.054940151575874552e+01 8.115345956032183494e+01 7.956252697268828911e+01 8.125866402985506909e+01 8.000668211258461326e+01 8.016299486321518941e+01
5.379591836734693497e+06 7.631030873842432527e+01 8.891839115500003743e+01 8.697636658600553972e+01 8.898388893600923666e+01 8.754456892997353634e+01 8.772342579440793031e+01
5.785714285714285448e+06 8.207121596108989081e+01 9.689404583601091758e+01 9.454914404706767073e+01 9.689770690282330179e+01 9.526677638798034309e+01 9.546838399774040340e+01
6.191836734693877399e+06 8.783212318375545635e+01 1.050899200538835458e+02 1.022850154749319955e+02 1.050048718518407895e+02 1.031813138390963331e+02 1.034053778007731523e+02
6.597959183673469350e+06 9.359303040642102189e+01 1.135157322914813562e+02 1.101879265170150290e+02 1.133098450640858204e+02 1.112964220949659904e+02 1.115420636266918848e+02
7.004081632653061301e+06 9.935393762908660165e+01 1.221813260187585968e+02 1.182615286616315018e+02 1.218166938831945174e+02 1.196205131176440375e+02 1.198861878892659547e+02
7.410204081632653251e+06 1.051148448517521814e+02 1.310965360198947565e+02 1.265090808236708710e+02 1.305289744892962176e+02 1.281620848559987564e+02 1.284455125222551146e+02
7.816326530612245202e+06 1.108757520744177327e+02 1.402710090271994829e+02 1.349333349810348182e+02 1.394495979678402762e+02 1.369296045750479607e+02 1.372277211738109202e+02
8.222448979591837153e+06 1.166366592970833125e+02 1.497139683307264590e+02 1.435364050059786791e+02 1.485806794690758181e+02 1.459313528418151407e+02 1.462403027697762354e+02
8.628571428571429104e+06 1.223975665197488780e+02 1.594339111288144011e+02 1.523196184292359874e+02 1.579233710807546913e+02 1.551752192848177856e+02 1.554904088667851738e+02
9.034693877551021054e+06 1.281584737424144578e+02 1.694382272578130255e+02 1.612833517527387528e+02 1.674776801609158952e+02 1.646684406349632752e+02 1.649846810272977677e+02
9.440816326530613005e+06 1.339193809650800233e+02 1.797327292003272987e+02 1.704268511411187887e+02 1.772422763257475822e+02 1.744172718688785153e+02 1.747290444310742146e+02
9.846938775510203093e+06 1.396802881877455604e+02 1.903210867517642555e+02 1.797480419082019125e+02 1.872142920560108621e+02 1.844265832321068217e+02 1.847284642040891356e+02
1.025306122448979504e+07 1.454411954104111544e+02 2.012041664468448516e+02 1.892433321728848910e+02 1.973891239235125852e+02 1.946993804832658270e+02 1.949866616562663921e+02
1.065918367346938699e+07 1.512021026330766915e+02 2.123792868871867654e+02 1.989074183327587662e+02 2.077602436297617601e+02 2.052362539806913446e+02 2.055057889886112150e+02
1.106530612244897895e+07 1.569630098557422855e+02 2.238394172852211454e+02 2.087331024555701902e+02 2.183190301934233730e+02 2.160347751831426422e+02 2.162860633284163043e+02
1.147142857142857090e+07 1.627239170784078510e+02 2.355723678599082689e+02 2.187111340772920585e+02 2.290546364345965742e+02 2.270888769466670567e+02 2.273253644843705956e+02
1.187755102040816285e+07 1.684848243010734166e+02 2.475600456234529645e+02 2.288300908686286448e+02 2.399539040185298120e+02 2.383882751827217419e+02 2.386188058704857156e+02
1.228367346938775480e+07 1.742457315237389821e+02 2.597778736397859234e+02 2.390763137399217442e+02 2.510013413356329295e+02 2.499180098522676303e+02 2.501582947953661744e+02
1.268979591836734675e+07 1.800066387464045761e+02 2.721944892715950459e+02 2.494339117021325194e+02 2.621791770321633521e+02 2.616581957339512314e+02 2.619321066275498424e+02
1.309591836734693870e+07 1.857675459690701416e+02 2.847718383765045473e+02 2.598848497391068690e+02 2.734674988105634270e+02 2.735840689801332246e+02 2.739245065929601992e+02
1.350204081632653065e+07 1.915284531917356787e+02 2.974657591884877093e+02 2.704091287961690568e+02 2.848444821568434691e+02 2.856663870592505532e+02 2.861154617696875562e+02
1.390816326530612260e+07 1.972893604144012727e+02 3.102270972936103703e+02 2.809850607839159693e+02 2.962867071994013486e+02 2.978721872108714024e+02 2.984804920181115904e+02
1.431428571428571455e+07 2.030502676370668382e+02 3.230033158769555826e+02 2.915896336785633594e+02 3.077695545737523162e+02 3.101658427739488388e+02 3.109907092761981744e+02
1.472040816326530650e+07 2.088111748597324038e+02 3.357404782265936092e+02 3.021989532498554354e+02 3.192676638644131231e+02 3.225102977000314581e+02 3.236130870136612998e+02
1.512653061224489845e+07 2.145720820823979977e+02 3.483854052581638712e+02 3.127887398757474102e+02 3.307554319697904930e+02 3.348683281817289981e+02 3.363109839347762886e+02
1.553265306122449040e+07 2.203329893050635349e+02 3.608877724829075646e+02 3.233348526291431995e+02 3.422075245763871862e+02 3.472036875765735431e+02 3.490449189064695474e+02
1.593877551020408235e+07 2.260938965277291572e+02 3.732019213895124494e+02 3.338138094719499804e+02 3.535993725353277455e+02 3.594820316489461334e+02 3.617735614650643470e+02
1.634489795918367431e+07 2.318548037503946944e+02 3.852882165236619016e+02 3.442032726090816368e+02 3.649076265480495067e+02 3.716715779586662620e+02 3.744548709124353536e+02
1.675102040816326439e+07 2.376157109730602599e+02 3.971138637486760672e+02 3.544824718242660424e+02 3.761105479099818467e+02 3.837435058294943246e+02 3.870472947488084969e+02
1.715714285714285821e+07 2.433766181957258539e+02 4.086531927644567759e+02 3.646325452649039676e+02 3.871883194022256021e+02 3.956721383962665755e+02 3.995109299247901049e+02
1.756326530612244830e+07 2.491375254183913626e+02 4.198874768303607539e+02 3.746367855084010898e+02 3.981232677608130643e+02 4.074349626061853655e+02 4.118085596606157992e+02
1.796938775510204211e+07 2.548984326410569565e+02 4.308044035710365165e+02 3.844807874813209310e+02 4.088999964441644011e+02 4.190125412581764976e+02 4.239065008440006181e+02
1.837551020408163220e+07 2.606593398637224936e+02 4.413973223357072015e+02 3.941525026877408777e+02 4.195054337761665693e+02 4.303883605821683318e+02 4.357752253452559330e+02
1.878163265306122601e+07 2.664202470863880876e+02 4.516643828336289062e+02 4.036422103538246233e+02 4.299288063750835818e+02 4.415486439300386792e+02 4.473897457211389792e+02
1.918775510204081610e+07 2.721811543090536816e+02 4.616076563741349901e+02 4.129424200813439256e+02 4.401615508378862387e+02 4.524821507917220060e+02 4.587297768791304406e+02
1.959387755102040619e+07 2.779420615317192187e+02 4.712323036990349578e+02 4.220477224200628257e+02 4.501971779889293543e+02 4.631799720861707783e+02 4.697796989018402769e+02
2.000000000000000000e+07 2.837029687543848127e+02 4.805458280489637559e+02 4.309546037301417982e+02 4.600311038903785743e+02 4.736353274818151249e+02 4.805283530938925196e+02
