# T = 40.0 C (+273.15 K)
# p, Ideal gas, RK, SRK, PR, LK, SW
1.000000000000000000e+05 1.690304371558337682e+00 1.697535245158497519e+00 1.697444465665636004e+00 1.698309027827953788e+00 1.697573995808445479e+00 1.697465490234797869e+00
5.061224489795918344e+05 8.555009880540158207e+00 8.745533392491822156e+00 8.743049075741355480e+00 8.765868718028878348e+00 8.746735343070691115e+00 8.744177489892711819e+00
9.122448979591836687e+05 1.541971538952197918e+01 1.605711338335708405e+01 1.604846424034596097e+01 1.612493856529602709e+01 1.606178038042176581e+01 1.605307981740546097e+01
1.318367346938775387e+06 2.228442089850379659e+01 2.365707989086156005e+01 2.363765475978952679e+01 2.380262243067354788e+01 2.366861825818615017e+01 2.364934108681521607e+01
1.724489795918367337e+06 2.914912640748561756e+01 3.157417111668425846e+01 3.153829518596412740e+01 3.183021887237259051e+01 3.159737482613743964e+01 3.156216195404240210e+01
2.130612244897959288e+06 3.601383191646743853e+01 3.984196556595527028e+01 3.978260144735027382e+01 4.024415983249252804e+01 3.988338098773700580e+01 3.982569057700160187e+01
2.536734693877550773e+06 4.287853742544925950e+01 4.850007123902247486e+01 4.840841335972231718e+01 4.908723171987995215e+01 4.856847132462301175e+01 4.848021650042065289e+01
2.942857142857142724e+06 4.974324293443108047e+01 5.759571112694446526e+01 5.746062560175213463e+01 5.841018830999741596e+01 5.770271819064062413e+01 5.757375246735347218e+01
3.348979591836734675e+06 5.660794844341289433e+01 6.718587679122998679e+01 6.699311234674229354e+01 6.827391801572593977e+01 6.734678974297351317e+01 6.716416789910017826e+01
3.755102040816326626e+06 6.347265395239472241e+01 7.734031616507563456e+01 7.707136697619922927e+01 7.875241296640193411e+01 7.757522300432154339e+01 7.732212523587330111e+01
4.161224489795918576e+06 7.033735946137655048e+01 8.814578067673700446e+01 8.777620410397574346e+01 8.993692703004558098e+01 8.848107483756027136e+01 8.813521579023657182e+01
4.567346938775510527e+06 7.720206497035836435e+01 9.971223496339962367e+01 9.920908597307148113e+01 1.019419476927306079e+02 1.001827117454851788e+02 9.971394240605599180e+01
4.973469387755101547e+06 8.406677047934017821e+01 1.121822410765096265e+02 1.115000168092871178e+02 1.149140272724044820e+02 1.128340381187863954e+02 1.122006458583416872e+02
5.379591836734693497e+06 9.093147598832200629e+01 1.257457082588912698e+02 1.248196575638494181e+02 1.290452963610043184e+02 1.266404836987279765e+02 1.257833169781356446e+02
5.785714285714285448e+06 9.779618149730382015e+01 1.406642032561462372e+02 1.393987015440537789e+02 1.445949948034917441e+02 1.418851172557898224e+02 1.407179133318867343e+02
6.191836734693877399e+06 1.046608870062856340e+02 1.573134309075124975e+02 1.555604424327477489e+02 1.619254784031552674e+02 1.589736321780897015e+02 1.573663481618158357e+02
6.597959183673469350e+06 1.115255925152674621e+02 1.762631428182544653e+02 1.737789418099318937e+02 1.815660720803275581e+02 1.785170818153925723e+02 1.762654375374896176e+02
7.004081632653061301e+06 1.183902980242492902e+02 1.984424925154056325e+02 1.947910007180295793e+02 2.043347168247390186e+02 2.014969704084266198e+02 1.982625226540162089e+02
7.410204081632653251e+06 1.252550035332311182e+02 2.255284636167550048e+02 2.198325416829409278e+02 2.315906726610828343e+02 2.296298498832831001e+02 2.248113385190284532e+02
7.816326530612245202e+06 1.321197090422129179e+02 2.610256030753168943e+02 2.511932480897091295e+02 2.658114886763114555e+02 2.662692462372440900e+02 2.587098345927897185e+02
8.222448979591837153e+06 1.389844145511947602e+02 3.137495953899680217e+02 2.935873171695672568e+02 3.119467309235232051e+02 3.185915381593104030e+02 3.062332808911976940e+02
8.628571428571429104e+06 1.458491200601765740e+02 3.961782938261453069e+02 3.551500858469341324e+02 3.782573752674774710e+02 3.951998601969626748e+02 3.828141692376114520e+02
9.034693877551021054e+06 1.527138255691584163e+02 4.639703678518258698e+02 4.249598147372876156e+02 4.552825306998561246e+02 4.802215822159760137e+02 4.944711212226218322e+02
9.440816326530613005e+06 1.595785310781402018e+02 5.050450637690667008e+02 4.747075165264433849e+02 5.127347535554224578e+02 5.512786751636421059e+02 5.721551840667468696e+02
9.846938775510203093e+06 1.664432365871220156e+02 5.340036142617125279e+02 5.090367075522029268e+02 5.528283161341724963e+02 6.030052105558009998e+02 6.162567905233249803e+02
1.025306122448979504e+07 1.733079420961038579e+02 5.566084266848306470e+02 5.350510799636955426e+02 5.832110518854887005e+02 6.394838760239447311e+02 6.459393246724756636e+02
1.065918367346938699e+07 1.801726476050856434e+02 5.753103658933991937e+02 5.561088751366063434e+02 6.077605968158831047e+02 6.662495921723303809e+02 6.682562425212905737e+02
1.106530612244897895e+07 1.870373531140674856e+02 5.913592943981481085e+02 5.738961502895105014e+02 6.284564870970743868e+02 6.870265359710734856e+02 6.861793369543357812e+02
1.147142857142857090e+07 1.939020586230492995e+02 6.054784106889155737e+02 5.893611748064179210e+02 6.464172759646716031e+02 7.039256852587461708e+02 7.012018150998153487e+02
1.187755102040816285e+07 2.007667641320311418e+02 6.181247427281232376e+02 6.030876509940974302e+02 6.623322750310144329e+02 7.181580973662565839e+02 7.141699857058405314e+02
1.228367346938775480e+07 2.076314696410129557e+02 6.296062904514692491e+02 6.154602597000040305e+02 6.766557302834452230e+02 7.304588966958092442e+02 7.256067747105024637e+02
1.268979591836734675e+07 2.144961751499947979e+02 6.401409936056744527e+02 6.267461566227643743e+02 6.897029419588317296e+02 7.413009648839250758e+02 7.358568051280700502e+02
1.309591836734693870e+07 2.213608806589766118e+02 6.498890678478055634e+02 6.371386728478413488e+02 7.017019242610924721e+02 7.510041622785761319e+02 7.451588697884822068e+02
1.350204081632653065e+07 2.282255861679583973e+02 6.589719628635971276e+02 6.467824169177678186e+02 7.128231040678937234e+02 7.597940839264840633e+02 7.536852229839813617e+02
1.390816326530612260e+07 2.350902916769402680e+02 6.674840888958904088e+02 6.557885218169943755e+02 7.231973624011664015e+02 7.678354496841552645e+02 7.615642845246400157e+02
1.431428571428571455e+07 2.419549971859220534e+02 6.755003953896496114e+02 6.642443418080982838e+02 7.329275060760843417e+02 7.752520558700418860e+02 7.688944513878813041e+02
1.472040816326530650e+07 2.488197026949038673e+02 6.830814512897941313e+02 6.722198610316945633e+02 7.420958463183305867e+02 7.821392326813552245e+02 7.757528680524275160e+02
1.512653061224489845e+07 2.556844082038857096e+02 6.902769575619491889e+02 6.797720689834726500e+02 7.507693706167472101e+02 7.885719239814637831e+02 7.822012034951902706e+02
1.553265306122449040e+07 2.625491137128674950e+02 6.971282409818204542e+02 6.869480323191500020e+02 7.590033717719745709e+02 7.946101031922504490e+02 7.882895795122647087e+02
1.593877551020408235e+07 2.694138192218493941e+02 7.036700657864842015e+02 6.937871040980394355e+02 7.668440565575440360e+02 8.003025089299705996e+02 7.940593175475664793e+02
1.634489795918367431e+07 2.762785247308311796e+02 7.099319764836998274e+02 7.003225465396870959e+02 7.743304608817929875e+02 8.056892869168215157e+02 7.995449072609904988e+02
1.675102040816326439e+07 2.831432302398129650e+02 7.159393109474003722e+02 7.065827453457281990e+02 7.814958822089101886e+02 8.108038999365052177e+02 8.047754484491281346e+02
1.715714285714285821e+07 2.900079357487948073e+02 7.217139768893746350e+02 7.125921334985231397e+02 7.883689687586951322e+02 8.156745357667414282e+02 8.097757278672258963e+02
1.756326530612244830e+07 2.968726412577765927e+02 7.272750554164191499e+02 7.183719044755856658e+02 7.949745600362662117e+02 8.203251631878055150e+02 8.145670373798020591e+02
1.796938775510204211e+07 3.037373467667584350e+02 7.326392761635071338e+02 7.239405702231430269e+02 8.013343441247677674e+02 8.247763364209355359e+02 8.191678052117471225e+02
1.837551020408163220e+07 3.106020522757402205e+02 7.378213956413617325e+02 7.293144029323933637e+02 8.074673778840449359e+02 8.290458165475163241e+02 8.235940897425028879e+02
1.878163265306122601e+07 3.174667577847221196e+02 7.428345016690692546e+02 7.345077886355114742e+02 8.133905031532852945e+02 8.331490576514269151e+02 8.278599705727256151e+02
1.918775510204081610e+07 3.243314632937039050e+02 7.476902606726457634e+02 7.395335130386719129e+02 8.191186830682484015e+02 8.370995915235181428e+02 8.319778616955385360e+02
1.959387755102040619e+07 3.311961688026856905e+02 7.523991203305141653e+02 7.444029946819853194e+02 8.246652763057070388e+02 8.409093352987262051e+02 8.359587648190891969e+02
2.000000000000000000e+07 3.380608743116675328e+02 7.569704769650101071e+02 7.491264767234953297e+02 8.300422625857302137e+02 8.445888398350648458e+02 8.398124761526394195e+02
